0.0
38.671875
77.34375
90.234375
128.90625
180.46875
193.359375
244.921875
270.703125
309.375
335.15625
386.71875
399.609375
438.28125
464.0625
489.84375
515.625
554.296875
580.078125
605.859375
631.640625
670.3125
696.09375
721.875
760.546875
786.328125
799.21875
812.109375
850.78125
876.5625
902.34375
928.125
953.90625
979.6875
1018.359375
1031.25
1057.03125
1069.921875
1095.703125
1134.375
1147.265625
1160.15625
1185.9375
1211.71875
1224.609375
1263.28125
1276.171875
1301.953125
1314.84375
1340.625
1366.40625
1379.296875
1392.1875
1417.96875
1443.75
1456.640625
1482.421875
1495.3125
1508.203125
1533.984375
1546.875
1559.765625
1585.546875
1598.4375
1624.21875
1637.109375
1650.0
1662.890625
1688.671875
1701.5625
1727.34375
1727.34375
1740.234375
1766.015625
1791.796875
1791.796875
1817.578125
1830.46875
1843.359375
1843.359375
1869.140625
1894.921875
1894.921875
1920.703125
1933.59375
1946.484375
1959.375
1959.375
1998.046875
2010.9375
2010.9375
2023.828125
2036.71875
2049.609375
2062.5
2075.390625
2075.390625
2101.171875
2114.0625
2114.0625
2139.84375
2152.734375
2152.734375
2165.625
2178.515625
2204.296875
2204.296875
2217.1875
2230.078125
2242.96875
2255.859375
2255.859375
2268.75
2268.75
2281.640625
2294.53125
2307.421875
2320.3125
2320.3125
2346.09375
2346.09375
2346.09375
2358.984375
2371.875
2384.765625
2384.765625
2397.65625
2397.65625
2410.546875
2436.328125
2436.328125
2449.21875
2475.0
2475.0
2475.0
2475.0
2487.890625
2487.890625
2500.78125
2513.671875
2513.671875
2526.5625
2526.5625
2552.34375
2539.453125
2565.234375
2565.234375
2565.234375
2565.234375
2578.125
2591.015625
2591.015625
2603.90625
2603.90625
2616.796875
2629.6875
2642.578125
2642.578125
2642.578125
2642.578125
2655.46875
2668.359375
2668.359375
2668.359375
2668.359375
2681.25
2681.25
2681.25
2694.140625
2707.03125
2707.03125
2719.921875
2719.921875
2719.921875
2732.8125
2732.8125
2745.703125
2745.703125
2758.59375
2758.59375
2771.484375
2771.484375
2771.484375
2784.375
2771.484375
2771.484375
2797.265625
2797.265625
2797.265625
2797.265625
2823.046875
2810.15625
2823.046875
2823.046875
2823.046875
2835.9375
2835.9375
2835.9375
2848.828125
2848.828125
2848.828125
2848.828125
2861.71875
2861.71875
2874.609375
2874.609375
2887.5
2887.5
2887.5
2887.5
2887.5
2900.390625
2887.5
2900.390625
2900.390625
2913.28125
2900.390625
2900.390625
2913.28125
2913.28125
2926.171875
2926.171875
2926.171875
2939.0625
2926.171875
2939.0625
2926.171875
2939.0625
2939.0625
2939.0625
2951.953125
2951.953125
2951.953125
2951.953125
2964.84375
2964.84375
2951.953125
2964.84375
2977.734375
2977.734375
2977.734375
2977.734375
2977.734375
2990.625
2990.625
2990.625
3003.515625
2990.625
2990.625
3003.515625
3003.515625
3003.515625
3016.40625
3003.515625
3003.515625
3003.515625
3003.515625
3003.515625
3003.515625
3016.40625
3029.296875
3029.296875
3029.296875
3029.296875
3042.1875
3016.40625
2990.625
2964.84375
2926.171875
2887.5
2874.609375
2835.9375
2797.265625
2771.484375
2758.59375
2719.921875
2694.140625
2668.359375
2629.6875
2603.90625
2565.234375
2552.34375
2513.671875
2487.890625
2475.0
2449.21875
2410.546875
2397.65625
2371.875
2346.09375
2307.421875
2281.640625
2268.75
2242.96875
2217.1875
2178.515625
2178.515625
2152.734375
2139.84375
2101.171875
2075.390625
2049.609375
2036.71875
2010.9375
1998.046875
1972.265625
1946.484375
1933.59375
1907.8125
1882.03125
1869.140625
1843.359375
1843.359375
1817.578125
1804.6875
1778.90625
1766.015625
1740.234375
1727.34375
1701.5625
1688.671875
1662.890625
1650.0
1637.109375
1611.328125
1598.4375
1572.65625
1585.546875
1559.765625
1546.875
1508.203125
1495.3125
1495.3125
1469.53125
1443.75
1443.75
1417.96875
1405.078125
1392.1875
1379.296875
1366.40625
1353.515625
1327.734375
1327.734375
1314.84375
1289.0625
1289.0625
1263.28125
1263.28125
1237.5
1237.5
1237.5
1198.828125
1198.828125
1185.9375
1173.046875
1160.15625
1147.265625
1134.375
1121.484375
1108.59375
1108.59375
1082.8125
1069.921875
1069.921875
1044.140625
1044.140625
1031.25
1031.25
1018.359375
1005.46875
992.578125
979.6875
966.796875
953.90625
953.90625
941.015625
928.125
915.234375
902.34375
902.34375
889.453125
876.5625
876.5625
863.671875
850.78125
850.78125
850.78125
812.109375
812.109375
812.109375
799.21875
799.21875
786.328125
773.4375
760.546875
773.4375
760.546875
734.765625
734.765625
721.875
721.875
721.875
721.875
708.984375
696.09375
683.203125
683.203125
670.3125
670.3125
657.421875
657.421875
644.53125
644.53125
631.640625
631.640625
631.640625
605.859375
605.859375
605.859375
592.96875
580.078125
592.96875
580.078125
567.1875
567.1875
567.1875
554.296875
554.296875
541.40625
541.40625
515.625
528.515625
515.625
515.625
502.734375
502.734375
502.734375
489.84375
489.84375
476.953125
489.84375
476.953125
464.0625
476.953125
451.171875
451.171875
451.171875
451.171875
438.28125
438.28125
425.390625
425.390625
399.609375
425.390625
412.5
412.5
399.609375
399.609375
399.609375
399.609375
386.71875
386.71875
373.828125
386.71875
373.828125
360.9375
373.828125
360.9375
360.9375
360.9375
348.046875
348.046875
348.046875
335.15625
348.046875
335.15625
335.15625
322.265625
322.265625
322.265625
309.375
309.375
309.375
309.375
296.484375
296.484375
296.484375
283.59375
296.484375
296.484375
283.59375
283.59375
270.703125
270.703125
283.59375
270.703125
270.703125
257.8125
257.8125
257.8125
257.8125
257.8125
257.8125
244.921875
244.921875
232.03125
244.921875
232.03125
232.03125
232.03125
244.921875
232.03125
219.140625
219.140625
219.140625
219.140625
219.140625
219.140625
193.359375
206.25
206.25
206.25
193.359375
193.359375
193.359375
193.359375
193.359375
180.46875
180.46875
180.46875
180.46875
193.359375
180.46875
180.46875
180.46875
180.46875
167.578125
167.578125
167.578125
167.578125
180.46875
167.578125
154.6875
167.578125
154.6875
167.578125
154.6875
141.796875
154.6875
167.578125
154.6875
154.6875
154.6875
141.796875
141.796875
141.796875
141.796875
128.90625
141.796875
141.796875
141.796875
141.796875
141.796875
141.796875
141.796875
141.796875
141.796875
128.90625
128.90625
128.90625
116.015625
116.015625
116.015625
128.90625
128.90625
116.015625
116.015625
116.015625
116.015625
103.125
103.125
116.015625
103.125
103.125
116.015625
103.125
103.125
103.125
103.125
90.234375
103.125
90.234375
103.125
103.125
90.234375
103.125
90.234375
103.125
103.125
90.234375
90.234375
90.234375
77.34375
90.234375
77.34375
90.234375
90.234375
77.34375
77.34375
77.34375
77.34375
77.34375
77.34375
77.34375
77.34375
77.34375
90.234375
90.234375
77.34375
77.34375
77.34375
90.234375
64.453125